74.711436 32.963072
74.948609 32.930201
74.711436 32.963072
75.137445 32.860758
74.711436 32.963072
75.622045 33.0706884
74.711436 32.963072
75.78374 33.243887
74.711436 32.963072
74.48437 33.0677849
74.711436 32.963072
74.891973 32.816663
74.711436 32.963072
74.412398 33.237498
74.711436 32.963072
75.308021 32.792593
74.711436 32.963072
75.402834 33.125353
74.711436 32.963072
74.396439 33.61388
74.711436 32.963072
74.33628 33.34381
74.711436 32.963072
75.322386 32.992126
74.711436 32.963072
75.922532 33.341151
74.711436 32.963072
74.0331627 33.715092
74.711436 32.963072
75.308895 34.00846981
74.711436 32.963072
74.897122 34.158334
74.711436 32.963072
75.791567 32.518607
74.711436 32.963072
75.234 33.232
74.711436 32.963072
74.197732 33.563827
74.711436 32.963072
75.332283 32.641177
74.711436 32.963072
76.147213 32.834126
74.711436 32.963072
76.217579 33.215998
74.711436 32.963072
75.704696 33.112908
74.948609 32.930201
75.137445 32.860758
74.948609 32.930201
75.622045 33.0706884
74.948609 32.930201
75.78374 33.243887
74.948609 32.930201
74.48437 33.0677849
74.948609 32.930201
74.891973 32.816663
74.948609 32.930201
74.412398 33.237498
74.948609 32.930201
75.308021 32.792593
74.948609 32.930201
75.402834 33.125353
74.948609 32.930201
74.396439 33.61388
74.948609 32.930201
74.33628 33.34381
74.948609 32.930201
75.322386 32.992126
74.948609 32.930201
75.922532 33.341151
74.948609 32.930201
74.0331627 33.715092
74.948609 32.930201
75.308895 34.00846981
74.948609 32.930201
74.897122 34.158334
74.948609 32.930201
75.791567 32.518607
74.948609 32.930201
75.234 33.232
74.948609 32.930201
74.197732 33.563827
74.948609 32.930201
75.332283 32.641177
74.948609 32.930201
76.147213 32.834126
74.948609 32.930201
76.217579 33.215998
74.948609 32.930201
75.704696 33.112908
75.137445 32.860758
75.622045 33.0706884
75.137445 32.860758
75.78374 33.243887
75.137445 32.860758
74.48437 33.0677849
75.137445 32.860758
74.891973 32.816663
75.137445 32.860758
74.412398 33.237498
75.137445 32.860758
75.308021 32.792593
75.137445 32.860758
75.402834 33.125353
75.137445 32.860758
74.396439 33.61388
75.137445 32.860758
74.33628 33.34381
75.137445 32.860758
75.322386 32.992126
75.137445 32.860758
75.922532 33.341151
75.137445 32.860758
74.0331627 33.715092
75.137445 32.860758
75.308895 34.00846981
75.137445 32.860758
74.897122 34.158334
75.137445 32.860758
75.791567 32.518607
75.137445 32.860758
75.234 33.232
75.137445 32.860758
74.197732 33.563827
75.137445 32.860758
75.332283 32.641177
75.137445 32.860758
76.147213 32.834126
75.137445 32.860758
76.217579 33.215998
75.137445 32.860758
75.704696 33.112908
75.622045 33.0706884
75.78374 33.243887
75.622045 33.0706884
74.48437 33.0677849
75.622045 33.0706884
74.891973 32.816663
75.622045 33.0706884
74.412398 33.237498
75.622045 33.0706884
75.308021 32.792593
75.622045 33.0706884
75.402834 33.125353
75.622045 33.0706884
74.396439 33.61388
75.622045 33.0706884
74.33628 33.34381
75.622045 33.0706884
75.322386 32.992126
75.622045 33.0706884
75.922532 33.341151
75.622045 33.0706884
74.0331627 33.715092
75.622045 33.0706884
75.308895 34.00846981
75.622045 33.0706884
74.897122 34.158334
75.622045 33.0706884
75.791567 32.518607
75.622045 33.0706884
75.234 33.232
75.622045 33.0706884
74.197732 33.563827
75.622045 33.0706884
75.332283 32.641177
75.622045 33.0706884
76.147213 32.834126
75.622045 33.0706884
76.217579 33.215998
75.622045 33.0706884
75.704696 33.112908
75.78374 33.243887
74.48437 33.0677849
75.78374 33.243887
74.891973 32.816663
75.78374 33.243887
74.412398 33.237498
75.78374 33.243887
75.308021 32.792593
75.78374 33.243887
75.402834 33.125353
75.78374 33.243887
74.396439 33.61388
75.78374 33.243887
74.33628 33.34381
75.78374 33.243887
75.322386 32.992126
75.78374 33.243887
75.922532 33.341151
75.78374 33.243887
74.0331627 33.715092
75.78374 33.243887
75.308895 34.00846981
75.78374 33.243887
74.897122 34.158334
75.78374 33.243887
75.791567 32.518607
75.78374 33.243887
75.234 33.232
75.78374 33.243887
74.197732 33.563827
75.78374 33.243887
75.332283 32.641177
75.78374 33.243887
76.147213 32.834126
75.78374 33.243887
76.217579 33.215998
75.78374 33.243887
75.704696 33.112908
74.48437 33.0677849
74.891973 32.816663
74.48437 33.0677849
74.412398 33.237498
74.48437 33.0677849
75.308021 32.792593
74.48437 33.0677849
75.402834 33.125353
74.48437 33.0677849
74.396439 33.61388
74.48437 33.0677849
74.33628 33.34381
74.48437 33.0677849
75.322386 32.992126
74.48437 33.0677849
75.922532 33.341151
74.48437 33.0677849
74.0331627 33.715092
74.48437 33.0677849
75.308895 34.00846981
74.48437 33.0677849
74.897122 34.158334
74.48437 33.0677849
75.791567 32.518607
74.48437 33.0677849
75.234 33.232
74.48437 33.0677849
74.197732 33.563827
74.48437 33.0677849
75.332283 32.641177
74.48437 33.0677849
76.147213 32.834126
74.48437 33.0677849
76.217579 33.215998
74.48437 33.0677849
75.704696 33.112908
74.891973 32.816663
74.412398 33.237498
74.891973 32.816663
75.308021 32.792593
74.891973 32.816663
75.402834 33.125353
74.891973 32.816663
74.396439 33.61388
74.891973 32.816663
74.33628 33.34381
74.891973 32.816663
75.322386 32.992126
74.891973 32.816663
75.922532 33.341151
74.891973 32.816663
74.0331627 33.715092
74.891973 32.816663
75.308895 34.00846981
74.891973 32.816663
74.897122 34.158334
74.891973 32.816663
75.791567 32.518607
74.891973 32.816663
75.234 33.232
74.891973 32.816663
74.197732 33.563827
74.891973 32.816663
75.332283 32.641177
74.891973 32.816663
76.147213 32.834126
74.891973 32.816663
76.217579 33.215998
74.891973 32.816663
75.704696 33.112908
74.412398 33.237498
75.308021 32.792593
74.412398 33.237498
75.402834 33.125353
74.412398 33.237498
74.396439 33.61388
74.412398 33.237498
74.33628 33.34381
74.412398 33.237498
75.322386 32.992126
74.412398 33.237498
75.922532 33.341151
74.412398 33.237498
74.0331627 33.715092
74.412398 33.237498
75.308895 34.00846981
74.412398 33.237498
74.897122 34.158334
74.412398 33.237498
75.791567 32.518607
74.412398 33.237498
75.234 33.232
74.412398 33.237498
74.197732 33.563827
74.412398 33.237498
75.332283 32.641177
74.412398 33.237498
76.147213 32.834126
74.412398 33.237498
76.217579 33.215998
74.412398 33.237498
75.704696 33.112908
75.308021 32.792593
75.402834 33.125353
75.308021 32.792593
74.396439 33.61388
75.308021 32.792593
74.33628 33.34381
75.308021 32.792593
75.322386 32.992126
75.308021 32.792593
75.922532 33.341151
75.308021 32.792593
74.0331627 33.715092
75.308021 32.792593
75.308895 34.00846981
75.308021 32.792593
74.897122 34.158334
75.308021 32.792593
75.791567 32.518607
75.308021 32.792593
75.234 33.232
75.308021 32.792593
74.197732 33.563827
75.308021 32.792593
75.332283 32.641177
75.308021 32.792593
76.147213 32.834126
75.308021 32.792593
76.217579 33.215998
75.308021 32.792593
75.704696 33.112908
75.402834 33.125353
74.396439 33.61388
75.402834 33.125353
74.33628 33.34381
75.402834 33.125353
75.322386 32.992126
75.402834 33.125353
75.922532 33.341151
75.402834 33.125353
74.0331627 33.715092
75.402834 33.125353
75.308895 34.00846981
75.402834 33.125353
74.897122 34.158334
75.402834 33.125353
75.791567 32.518607
75.402834 33.125353
75.234 33.232
75.402834 33.125353
74.197732 33.563827
75.402834 33.125353
75.332283 32.641177
75.402834 33.125353
76.147213 32.834126
75.402834 33.125353
76.217579 33.215998
75.402834 33.125353
75.704696 33.112908
74.396439 33.61388
74.33628 33.34381
74.396439 33.61388
75.322386 32.992126
74.396439 33.61388
75.922532 33.341151
74.396439 33.61388
74.0331627 33.715092
74.396439 33.61388
75.308895 34.00846981
74.396439 33.61388
74.897122 34.158334
74.396439 33.61388
75.791567 32.518607
74.396439 33.61388
75.234 33.232
74.396439 33.61388
74.197732 33.563827
74.396439 33.61388
75.332283 32.641177
74.396439 33.61388
76.147213 32.834126
74.396439 33.61388
76.217579 33.215998
74.396439 33.61388
75.704696 33.112908
74.33628 33.34381
75.322386 32.992126
74.33628 33.34381
75.922532 33.341151
74.33628 33.34381
74.0331627 33.715092
74.33628 33.34381
75.308895 34.00846981
74.33628 33.34381
74.897122 34.158334
74.33628 33.34381
75.791567 32.518607
74.33628 33.34381
75.234 33.232
74.33628 33.34381
74.197732 33.563827
74.33628 33.34381
75.332283 32.641177
74.33628 33.34381
76.147213 32.834126
74.33628 33.34381
76.217579 33.215998
74.33628 33.34381
75.704696 33.112908
75.322386 32.992126
75.922532 33.341151
75.322386 32.992126
74.0331627 33.715092
75.322386 32.992126
75.308895 34.00846981
75.322386 32.992126
74.897122 34.158334
75.322386 32.992126
75.791567 32.518607
75.322386 32.992126
75.234 33.232
75.322386 32.992126
74.197732 33.563827
75.322386 32.992126
75.332283 32.641177
75.322386 32.992126
76.147213 32.834126
75.322386 32.992126
76.217579 33.215998
75.322386 32.992126
75.704696 33.112908
75.922532 33.341151
74.0331627 33.715092
75.922532 33.341151
75.308895 34.00846981
75.922532 33.341151
74.897122 34.158334
75.922532 33.341151
75.791567 32.518607
75.922532 33.341151
75.234 33.232
75.922532 33.341151
74.197732 33.563827
75.922532 33.341151
75.332283 32.641177
75.922532 33.341151
76.147213 32.834126
75.922532 33.341151
76.217579 33.215998
75.922532 33.341151
75.704696 33.112908
74.0331627 33.715092
75.308895 34.00846981
74.0331627 33.715092
74.897122 34.158334
74.0331627 33.715092
75.791567 32.518607
74.0331627 33.715092
75.234 33.232
74.0331627 33.715092
74.197732 33.563827
74.0331627 33.715092
75.332283 32.641177
74.0331627 33.715092
76.147213 32.834126
74.0331627 33.715092
76.217579 33.215998
74.0331627 33.715092
75.704696 33.112908
75.308895 34.00846981
74.897122 34.158334
75.308895 34.00846981
75.791567 32.518607
75.308895 34.00846981
75.234 33.232
75.308895 34.00846981
74.197732 33.563827
75.308895 34.00846981
75.332283 32.641177
75.308895 34.00846981
76.147213 32.834126
75.308895 34.00846981
76.217579 33.215998
75.308895 34.00846981
75.704696 33.112908
74.897122 34.158334
75.791567 32.518607
74.897122 34.158334
75.234 33.232
74.897122 34.158334
74.197732 33.563827
74.897122 34.158334
75.332283 32.641177
74.897122 34.158334
76.147213 32.834126
74.897122 34.158334
76.217579 33.215998
74.897122 34.158334
75.704696 33.112908
75.791567 32.518607
75.234 33.232
75.791567 32.518607
74.197732 33.563827
75.791567 32.518607
75.332283 32.641177
75.791567 32.518607
76.147213 32.834126
75.791567 32.518607
76.217579 33.215998
75.791567 32.518607
75.704696 33.112908
75.234 33.232
74.197732 33.563827
75.234 33.232
75.332283 32.641177
75.234 33.232
76.147213 32.834126
75.234 33.232
76.217579 33.215998
75.234 33.232
75.704696 33.112908
74.197732 33.563827
75.332283 32.641177
74.197732 33.563827
76.147213 32.834126
74.197732 33.563827
76.217579 33.215998
74.197732 33.563827
75.704696 33.112908
75.332283 32.641177
76.147213 32.834126
75.332283 32.641177
76.217579 33.215998
75.332283 32.641177
75.704696 33.112908
76.147213 32.834126
76.217579 33.215998
76.147213 32.834126
75.704696 33.112908
76.217579 33.215998
75.704696 33.112908
